30,10,13.386,122.85,5e-06,1.6451,4.5139
30,20,5.6719,112.96,1.2e-05,0.65025,5.3992
30,30,3.648,81.107,1.5e-05,0.42913,6.8023
30,40,2.6887,0.83413,1.4e-05,0.42428,0.99705
30,50,2.1277,0.69994,1e-05,0.39556,0.99567
30,60,1.8194,0.6905,1.5e-05,0.53113,1.0353
30,70,1.7481,0.62612,1e-05,0.50488,1.0349
30,80,1.4646,0.58328,1e-05,0.42066,1.0346
30,90,1.161,0.53116,1.4e-05,0.29925,0.99762
30,100,1.2124,0.68993,0.000318,0.32276,0.99904
100,10,13.569,130.55,4e-06,3.108,7.8384
100,20,5.7778,118.69,5e-06,1.5814,7.1055
100,30,3.615,80.735,5e-06,1.3729,5.5078
100,40,2.6823,0.83933,5e-06,1.5005,0.99717
100,50,2.1259,0.70212,4e-06,1.5735,0.99863
100,60,1.7624,0.63072,4e-06,1.7533,0.99711
100,70,1.5202,0.58255,3e-06,1.6978,0.99627
100,80,1.3184,0.55011,4e-06,1.5966,0.99794
100,90,1.1682,0.52933,3e-06,1.4779,0.99981
100,100,1.0501,0.51263,4e-06,1.282,1
320,10,13.435,151.7,4e-06,34.004,8.0761
320,20,5.6444,86.402,5e-06,25.673,2.7723
320,30,3.599,68.255,5e-06,20.558,2.0268
320,40,2.6632,0.83822,5e-06,18.844,0.99592
320,50,2.1124,0.71175,4e-06,16.408,0.94174
320,60,1.7499,0.63397,5e-06,17.674,0.99965
320,70,1.4963,0.58227,4e-06,16.907,0.91252
320,80,1.3083,0.55034,4e-06,15.185,0.99633
320,90,1.1609,0.52797,3e-06,13.275,0.99505
320,100,1.0434,0.51102,4e-06,11.507,0.99605