30,10,13.17,131.13,5e-06,1.6833
30,20,5.6778,113.63,1.2e-05,0.72567
30,30,3.6282,89.021,1.5e-05,0.49498
30,40,2.671,0.83962,1.3e-05,0.57325
30,50,2.1172,0.69966,9e-06,0.54264
30,60,1.7541,0.63033,1.4e-05,0.52923
30,70,1.7449,0.58408,9e-06,0.49943
30,80,1.3117,0.55199,8e-06,0.47341
30,90,1.1624,0.55995,1.8e-05,0.43576
30,100,1.1813,0.68786,0.000318,0.43421
100,10,13.175,137.07,5e-06,4.1803
100,20,5.6564,122.47,4e-06,2.3036
100,30,3.6542,89.624,5e-06,1.9469
100,40,2.6947,0.84085,4e-06,2.8573
100,50,2.131,0.69899,5e-06,3.219
100,60,1.7658,0.63264,4e-06,3.5914
100,70,1.5112,0.57967,5e-06,3.4308
100,80,1.3158,0.55061,4e-06,3.1111
100,90,1.1611,0.52816,3e-06,2.7645
100,100,1.0449,0.51114,3e-06,2.3256
320,10,13.317,149.04,5e-06,62.413
320,20,5.68,130.22,5e-06,44.773
320,30,3.6584,75.391,4e-06,39.677
320,40,2.6886,0.83771,5e-06,38.104
320,50,2.1353,0.70796,5e-06,33.979
320,60,1.7629,0.62895,4e-06,38.557
320,70,1.5095,0.58176,5e-06,34.225
320,80,1.3235,0.54973,4e-06,29.963
320,90,1.1714,0.528,4e-06,24.906
320,100,1.0501,0.51096,4e-06,20.684